523,5
523,4
523,3
523,2
523,1
523,0
522,5
522,4
522,15
522,14
522,13
522,12
522,11
522,10
522,9
522,8
522,7
522,6
522,3
522,2
522,1
522,0
521,3
521,2
521,1
521,0
520,3
520,2
520,1
520,0
519,17
519,16
519,15
519,14
519,13
519,12
519,11
519,10
519,9
519,8
519,7
519,6
519,5
519,4
519,3
519,2
519,1
519,0
0,389
518,3
518,2
518,1
518,0
517,5
517,4
517,3
517,2
517,1
517,0
0,387
516,4
516,3
516,2
516,1
516,0
515,5
515,4
515,3
515,2
515,1
515,0
514,5
514,4
514,15
514,14
514,13
514,12
514,11
514,10
514,9
514,8
514,7
514,6
514,3
514,2
514,1
514,0
513,3
513,2
513,1
513,0
0,385
512,3
512,2
512,1
512,0
511,17
511,16
511,15
511,14
511,13
511,12
511,11
511,10
511,9
511,8
511,7
511,6
511,5
511,4
511,3
511,2
0,384
511,1
511,0
510,3
510,2
510,1
510,0
509,5
509,4
509,3
509,2
509,1
509,0
508,4
508,3
508,2
508,1
508,0
507,5
507,4
507,3
507,2
507,1
507,0
506,5
506,4
506,15
506,14
506,13
506,12
506,11
506,10
506,9
506,8
506,7
506,6
506,3
506,2
0,575
506,1
506,0
505,3
505,2
505,1
505,0
504,3
504,2
504,1
504,0
503,17
503,16
503,15
503,14
503,13
503,12
503,11
503,10
503,9
503,8
503,7
503,6
503,5
503,4
503,3
503,2
503,1
503,0
502,3
502,2
502,1
502,0
501,5
501,4
501,3
501,2
501,1
501,0
500,4
500,3
500,2
500,1
500,0
499,5
499,4
499,3
499,2
0,574
499,1
499,0
498,5
498,4
498,15
498,14
498,13
498,12
498,11
498,10
498,9
498,8
498,7
498,6
498,3
498,2
498,1
498,0
497,3
497,2
497,1
497,0
496,3
496,2
496,1
496,0
495,17
495,16
495,15
495,14
495,13
